10
0 0 1 0 0 1 0 0 0 1
0 0 0 0 0 1 0 1 0 0
1 0 0 0 0 0 0 0 0 0
0 0 0 0 0 0 0 0 0 0
0 0 0 0 0 0 0 0 0 0
1 1 0 0 0 0 0 1 0 0
0 0 0 0 0 0 0 0 0 0
0 1 0 0 0 1 0 0 0 0
0 0 0 0 0 0 0 0 0 0
1 0 0 0 0 0 0 0 0 0
<Vertexes>
0 "v1" rgb(0,0,0) rgb(255,255,255) (122.75676519606981,95.22773668999282)
1 "v2" rgb(0,0,0) rgb(255,255,255) (258.74197280970185,111.54597320030778)
2 "v3" rgb(0,0,0) rgb(255,255,255) (120.94360915640465,166.8466144291684)
3 "v4" rgb(0,0,0) rgb(255,255,255) (215.2266856213875,181.3516948998182)
4 "v5" rgb(0,0,0) rgb(255,255,255) (308.60320695472024,180.44513976816808)
5 "v6" rgb(0,0,0) rgb(255,255,255) (177.45968916887105,93.36749202957306)
6 "v7" rgb(0,0,0) rgb(255,255,255) (335.7309827337482,78.97917180714562)
7 "v8" rgb(0,0,0) rgb(255,255,255) (222.2847907465486,43.00842465683612)
8 "v9" rgb(0,0,0) rgb(255,255,255) (301.97384326376607,75.65879080423115)
9 "v10" rgb(0,0,0) rgb(255,255,255) (133.74138380196305,29.1735101691876)
<Edges>
0 9 "" rgb(0,0,0)
2 0 "" rgb(0,0,0)
0 2 "" rgb(0,0,0)
9 0 "" rgb(0,0,0)
0 5 "" rgb(0,0,0)
5 0 "" rgb(0,0,0)
5 7 "" rgb(0,0,0)
7 5 "" rgb(0,0,0)
5 1 "" rgb(0,0,0)
1 5 "" rgb(0,0,0)
1 7 "" rgb(0,0,0)
7 1 "" rgb(0,0,0)